2 0.3335989583333333 0.1256574074074074 0.024468750000000008 0.04383333333333332
2 0.32655208333333335 0.08733333333333333 0.021041666666666656 0.036629629629629616
2 0.32703645833333334 0.05023611111111111 0.017427083333333353 0.03163888888888889
2 0.36205729166666667 0.046870370370370375 0.018739583333333344 0.02977777777777778
2 0.29203125 0.041444444444444443 0.021291666666666664 0.038851851851851846
2 0.3476041666666667 0.02225925925925926 0.015312499999999988 0.024444444444444446
2 0.3189427083333333 0.016833333333333332 0.014822916666666686 0.022444444444444447
2 0.29344270833333336 0.013379629629629628 0.012718749999999978 0.021092592592592593
2 0.31447916666666664 0.0036574074074074074 0.00947916666666663 0.007314814814814815
2 0.2418671875 0.1567361111111111 0.02928645833333334 0.057490740740740745
2 0.3311640625 0.2934537037037037 0.04103645833333332 0.08140740740740737
2 0.48534635416666666 0.5441342592592592 0.0674010416666667 0.17900925925925928
2 0.5333828125 0.9271250000000001 0.108734375 0.14574999999999996
