2 0.283609375 0.5698703703703704 0.08336458333333331 0.17322222222222225
2 0.47441927083333335 0.3777638888888889 0.05168229166666668 0.1150277777777778
2 0.2692473958333333 0.28399537037037037 0.056703125 0.10971296296296294
2 0.43990364583333336 0.22802777777777777 0.03842187499999999 0.06875925925925926
2 0.33875520833333334 0.31381944444444443 0.04558333333333332 0.09060185185185188
2 0.29265625 0.14151851851851852 0.026979166666666644 0.043814814814814806
2 0.3384010416666667 0.11912037037037038 0.02017708333333334 0.03981481481481482
2 0.29238020833333334 0.08683333333333333 0.022062499999999947 0.03568518518518518
2 0.3332916666666667 0.0841712962962963 0.02159374999999996 0.034064814814814805
2 0.38239843749999997 0.09635185185185186 0.022598958333333325 0.035537037037037034
2 0.3232109375 0.04043981481481481 0.01654687500000005 0.02828703703703704
2 0.35341666666666666 0.03273148148148148 0.015666666666666686 0.024907407407407406
2 0.24140885416666666 0.15926388888888887 0.02928645833333334 0.057490740740740745
