2 0.33503906250000004 0.14237499999999997 0.025869791666666645 0.04674999999999998
2 0.3279661458333333 0.09987037037037037 0.02223437499999997 0.03874074074074074
2 0.3286145833333334 0.05900462962962962 0.018156250000000006 0.033324074074074075
2 0.3656302083333333 0.055495370370370375 0.01967708333333332 0.031379629629629625
2 0.29220572916666665 0.04776388888888889 0.021848958333333356 0.04021296296296296
2 0.3500078125 0.028833333333333332 0.01576562499999999 0.025425925925925925
2 0.31996874999999997 0.023402777777777776 0.015677083333333345 0.023990740740740736
2 0.293609375 0.017824074074074076 0.013072916666666679 0.022314814814814815
2 0.3150807291666667 0.005472222222222222 0.010151041666666671 0.010944444444444444
2 0.24172916666666666 0.1573611111111111 0.02929166666666667 0.057499999999999996
2 0.32513020833333334 0.33766203703703707 0.04630208333333338 0.09341666666666665
2 0.4871015625 0.5766435185185186 0.07180729166666668 0.19295370370370368
