2 0.33030468749999997 0.09252777777777778 0.021473958333333282 0.03790740740740742
2 0.32354166666666667 0.06143518518518518 0.01895833333333332 0.03231481481481481
2 0.32395833333333335 0.03236111111111111 0.016250000000000025 0.02842592592592592
2 0.35442708333333334 0.02888888888888889 0.016979166666666618 0.02777777777777778
2 0.29205729166666666 0.027129629629629632 0.01932291666666662 0.03481481481481482
2 0.34260416666666665 0.009675925925925925 0.014375000000000011 0.01935185185185185
2 0.31750520833333334 0.0062037037037037035 0.011864583333333319 0.012407407407407407
2 0.24099479166666665 0.15394907407407407 0.02929166666666667 0.057490740740740745
2 0.16417447916666666 0.6326111111111111 0.11574479166666667 0.20755555555555552
2 0.3374453125 0.21726388888888887 0.03333854166666666 0.0630648148148148
2 0.48129427083333337 0.4868703703703704 0.06178645833333333 0.15811111111111115
2 0.5245416666666667 0.8488472222222222 0.10862500000000003 0.30230555555555555
