2 0.3271171875 0.0696388888888889 0.019223958333333315 0.03305555555555556
2 0.32128645833333336 0.043472222222222225 0.017135416666666715 0.02890740740740741
2 0.32155208333333335 0.01912037037037037 0.015208333333333357 0.02416666666666667
2 0.34893229166666667 0.01674074074074074 0.01626041666666662 0.02237037037037037
2 0.29263020833333336 0.017564814814814818 0.016531250000000004 0.032574074074074075
2 0.24130729166666667 0.15265277777777778 0.02929166666666667 0.057490740740740745
2 0.24425520833333333 0.4099722222222222 0.06928125000000002 0.11553703703703706
2 0.33747656249999997 0.17052314814814815 0.02940104166666663 0.05421296296296298
2 0.47913281249999995 0.45467592592592593 0.059255208333333385 0.14898148148148146
2 0.5164557291666667 0.749212962962963 0.09556770833333328 0.2725740740740741
