2 0.3228125 0.3529027777777778 0.047843750000000004 0.09480555555555555
2 0.32979687500000004 0.2373472222222222 0.03534375000000001 0.06732407407407408
2 0.33893229166666666 0.14224537037037038 0.02666666666666669 0.049675925925925915
2 0.401296875 0.1352962962962963 0.029166666666666667 0.04816666666666666
2 0.29225260416666665 0.10434259259259258 0.02901562500000002 0.05459259259259259
2 0.373046875 0.08301851851851852 0.022145833333333323 0.036444444444444446
2 0.33139322916666664 0.08209722222222221 0.02149479166666666 0.03591666666666667
2 0.293609375 0.05140740740740741 0.017281250000000033 0.027962962962962967
2 0.3216822916666667 0.03245833333333333 0.01264583333333332 0.023824074074074074
2 0.29304166666666664 0.027333333333333334 0.013947916666666652 0.022999999999999996
2 0.3208697916666666 0.0165462962962963 0.015218749999999955 0.021425925925925928
2 0.34562760416666666 0.016384259259259258 0.014484374999999971 0.022101851851851848
2 0.24149218749999998 0.1586712962962963 0.029286458333333314 0.057490740740740745
